
14 14 0.561096975270796
14 13 1.07765830346476
14 12 0.272727272727272
14 11 0
14 10 0
14 9 0.265664160401002
14 8 0.316666666666667
14 7 0
14 6 0
14 5 0
14 4 0.333333333333333
14 3 0
14 2 0.333333333333333
13 14 0.57142857142857
13 13 0.61111111111111
13 12 0
13 11 0
13 10 0
13 9 0.333333333333333
13 8 0.309861932938856
13 7 0.333333333333333
13 6 0.333333333333333
13 5 0
13 4 0.35
13 3 0.1
13 2 0.240740740740741
12 14 0.411111111111111
12 13 1
12 12 0.416666666666667
12 11 0.166666666666666
12 10 0
12 9 0.958333333333332
12 8 0
12 7 0
12 6 0.333333333333333
12 5 0.2
12 4 0
12 3 0
12 2 0
11 14 0.468129571577847
11 13 0.383333333333333
11 12 0.572572572572573
11 11 0.265873015873016
11 10 0
11 9 0.333333333333333
11 8 0.202380952380952
11 7 0.166666666666666
11 6 0.277777777777778
11 5 0
11 4 0
11 3 0
11 2 0
10 14 0.251045751633987
10 13 0.566515151515152
10 12 0.341666666666667
10 11 0
10 10 0.35
10 9 0.425925925925926
10 8 0.328888888888889
10 7 0
10 6 0
10 5 0
10 4 0
10 3 0.133333333333333
10 2 0.25
9 14 0
9 13 0.287878787878788
9 12 0.333333333333333
9 11 0
9 10 0.255555555555556
9 9 0.333333333333333
9 8 0
9 7 0
9 6 0.216666666666667
9 5 0
9 4 0
9 3 0
9 2 0
8 14 0.266666666666667
8 13 0.291666666666667
8 12 0.333333333333333
8 11 0
8 10 0.222222222222222
8 9 0.208333333333333
8 8 0.5
8 7 0
8 6 0
8 5 0
8 4 0
8 3 0
8 2 0
7 14 0.222222222222222
7 13 0
7 12 0.227272727272727
7 11 0.1
7 10 0
7 9 0
7 8 0
7 7 0.317857142857143
7 6 0
7 5 0
7 4 0
7 3 0
7 2 0.166666666666666
6 14 0.25
6 13 0
6 12 0.2
6 11 0.166666666666666
6 10 0
6 9 0
6 8 0
6 7 0.333333333333333
6 6 0.32051282051282
6 5 0
6 4 0.333333333333333
6 3 0
6 2 0.333333333333333
5 14 0.283333333333333
5 13 0.2
5 12 0
5 11 0
5 10 0.166666666666666
5 9 0
5 8 0
5 7 0.222222222222222
5 6 0.166666666666666
5 5 0.244444444444444
5 4 0.2
5 3 0
5 2 0.166666666666666
4 14 0.166666666666666
4 13 0
4 12 0.1
4 11 0.222222222222222
4 10 0.166666666666666
4 9 0
4 8 0
4 7 0
4 6 0
4 5 0
4 4 0.333333333333333
4 3 0
4 2 0
3 14 0
3 13 0
3 12 0
3 11 0
3 10 0
3 9 0
3 8 0
3 7 0.1
3 6 0
3 5 0.05
3 4 0
3 3 0.333333333333333
3 2 0.333333333333333
2 14 0.2
2 13 0
2 12 0
2 11 0
2 10 0.133333333333333
2 9 0
2 8 0
2 7 0
2 6 0
2 5 0
2 4 0.166666666666666
2 3 0
2 2 0

