
14 14 0.969036811057159
14 13 0.916917989417989
14 12 0.504271708683473
14 11 0
14 10 1.16666666666666
14 9 0
14 8 0.8
14 7 1.16666666666666
14 6 1
14 5 1
14 4 0.290816326530612
14 3 0.121428571428571
14 2 0
13 14 1.13235366502624
13 13 0.605414746543778
13 12 0.873015873015872
13 11 0.108585858585859
13 10 0
13 9 0
13 8 0
13 7 1
13 6 0
13 5 0.666666666666667
13 4 0
13 3 0
13 2 0
12 14 0.772621346056185
12 13 0.559285714285714
12 12 0.877968888096839
12 11 0
12 10 0
12 9 0.545454545454545
12 8 0
12 7 0
12 6 0
12 5 0
12 4 0
12 3 0
12 2 0
11 14 0.724009324009323
11 13 0.747008547008546
11 12 0.571428571428571
11 11 0.771700798838053
11 10 0
11 9 0
11 8 0
11 7 0
11 6 0
11 5 0
11 4 0.375
11 3 0
11 2 0
10 14 0.121212121212121
10 13 0.5
10 12 0
10 11 0.685714285714286
10 10 0.549382716049383
10 9 0
10 8 0
10 7 0
10 6 0
10 5 0
10 4 0
10 3 0
10 2 0
9 14 0
9 13 0
9 12 0
9 11 0
9 10 0
9 9 0.707783275432501
9 8 0
9 7 0
9 6 0
9 5 0
9 4 0
9 3 0
9 2 0
8 14 0.0952380952380953
8 13 0
8 12 0
8 11 0
8 10 0
8 9 0
8 8 0.480952380952381
8 7 0.459259259259259
8 6 0
8 5 0
8 4 0
8 3 0
8 2 0
7 14 0
7 13 0
7 12 0
7 11 0
7 10 0
7 9 0
7 8 0
7 7 0.0303030303030303
7 6 0.142857142857143
7 5 0
7 4 0.1
7 3 0
7 2 0
6 14 0
6 13 1
6 12 0
6 11 0
6 10 0
6 9 0
6 8 0
6 7 0
6 6 0.96969696969697
6 5 0
6 4 0
6 3 0
6 2 0
5 14 0
5 13 0
5 12 0
5 11 0
5 10 0
5 9 0
5 8 0
5 7 0
5 6 0
5 5 0.656666666666667
5 4 0.6
5 3 0.0555555555555555
5 2 0
4 14 0
4 13 0
4 12 0
4 11 0
4 10 0
4 9 0
4 8 0
4 7 0
4 6 0
4 5 0
4 4 0.153846153846154
4 3 0
4 2 0
3 14 0
3 13 0
3 12 0
3 11 0
3 10 0
3 9 0
3 8 0
3 7 0
3 6 0
3 5 0
3 4 0
3 3 0.277777777777778
3 2 0
2 14 0
2 13 0
2 12 0
2 11 0
2 10 0
2 9 0
2 8 0
2 7 0
2 6 0
2 5 0
2 4 0
2 3 0
2 2 0.916666666666666

