

14 14 27.25
14 13 60.45
14 12 3.75
14 11 3.625
14 10 15.3
14 9 0.25
14 8 4.75
14 7 0
14 6 0
14 5 0
14 4 0
14 3 0
14 2 0
13 14 7.735
13 13 6.5
13 12 0
13 11 0.5
13 10 2.66666666666667
13 9 0
13 8 0
13 7 2.5
13 6 2
13 5 0.5
13 4 0.5
13 3 0
13 2 0.25
12 14 4.75
12 13 3.9
12 12 7.75
12 11 3.5
12 10 3.5
12 9 3.5
12 8 0
12 7 0
12 6 0
12 5 0
12 4 0
12 3 0
12 2 0
11 14 4.5
11 13 5.66666666666667
11 12 2.66666666666667
11 11 8.41666666666667
11 10 8
11 9 0
11 8 0
11 7 0
11 6 0
11 5 0
11 4 0
11 3 0
11 2 0
10 14 0
10 13 0
10 12 0
10 11 2.16666666666667
10 10 13.9444444444444
10 9 0
10 8 0
10 7 0
10 6 0
10 5 0
10 4 0
10 3 0
10 2 0
9 14 0
9 13 0
9 12 0
9 11 1.16666666666667
9 10 0
9 9 3.14285714285714
9 8 7.83333333333333
9 7 0
9 6 2.5
9 5 0
9 4 0
9 3 0
9 2 0
8 14 0
8 13 0
8 12 0.25
8 11 0
8 10 0
8 9 0
8 8 3.16666666666667
8 7 0
8 6 0.5
8 5 0
8 4 0
8 3 0
8 2 0
7 14 0
7 13 0
7 12 0
7 11 0
7 10 0
7 9 0.5
7 8 0
7 7 7.08333333333333
7 6 2.5
7 5 0
7 4 0.5
7 3 0.5
7 2 0
6 14 0
6 13 2.5
6 12 0
6 11 0
6 10 0
6 9 0
6 8 0
6 7 0
6 6 1.66666666666667
6 5 0
6 4 0
6 3 0
6 2 0
5 14 0
5 13 0
5 12 4
5 11 0
5 10 0
5 9 0
5 8 0
5 7 0
5 6 0
5 5 3.5
5 4 0
5 3 3.5
5 2 0
4 14 0
4 13 3
4 12 0
4 11 0
4 10 0
4 9 0
4 8 0
4 7 0
4 6 0
4 5 0
4 4 6.25
4 3 0
4 2 0
3 14 0
3 13 0
3 12 0
3 11 0
3 10 0
3 9 0
3 8 0
3 7 0
3 6 0
3 5 0
3 4 0
3 3 2.66666666666667
3 2 0
2 14 0
2 13 3.5
2 12 0
2 11 0
2 10 0
2 9 0
2 8 0
2 7 0
2 6 0
2 5 0
2 4 0
2 3 0
2 2 3.5

