

14 14 20.7585714285714
14 13 7.33333333333333
14 12 9.5
14 11 5.41666666666667
14 10 3
14 9 2.41666666666667
14 8 1
14 7 1
14 6 1.91666666666667
14 5 2.5
14 4 1.75
14 3 1.5
14 2 1.85714285714286
13 14 32.2095
13 13 26.6875
13 12 11.5
13 11 2.16666666666667
13 10 2.5
13 9 1
13 8 0.25
13 7 0
13 6 0
13 5 2
13 4 32.5
13 3 0
13 2 0.5
12 14 6.71785714285714
12 13 3.58928571428571
12 12 10.5
12 11 3.5
12 10 2.5
12 9 2.3125
12 8 0.75
12 7 0
12 6 0.5
12 5 0
12 4 0.5
12 3 0
12 2 0
11 14 4.09090909090909
11 13 1.16666666666667
11 12 1.61111111111111
11 11 25.7573076923077
11 10 2
11 9 2.25
11 8 1.16666666666667
11 7 0.5
11 6 0.5
11 5 0.5
11 4 0
11 3 0
11 2 0
10 14 1.875
10 13 0.666666666666667
10 12 1.57142857142857
10 11 1.5
10 10 6.90277777777778
10 9 1.66666666666667
10 8 1.75
10 7 0
10 6 0
10 5 3.5
10 4 0
10 3 0.5
10 2 0.5
9 14 2
9 13 0.25
9 12 9.5
9 11 0.5
9 10 0
9 9 3.5
9 8 3.5
9 7 2
9 6 0.75
9 5 0
9 4 0
9 3 0
9 2 0
8 14 1.66666666666667
8 13 1.75
8 12 0
8 11 0
8 10 0.5
8 9 0
8 8 2.55555555555556
8 7 2.3125
8 6 0.5
8 5 0
8 4 0
8 3 0
8 2 1.5
7 14 0
7 13 0.5
7 12 0
7 11 8
7 10 0
7 9 0
7 8 10.625
7 7 2.55
7 6 1.25
7 5 0.5
7 4 0
7 3 0
7 2 0
6 14 4.375
6 13 2.5
6 12 0
6 11 0
6 10 0
6 9 0
6 8 0
6 7 0
6 6 1.75
6 5 2.625
6 4 1.25
6 3 2
6 2 0
5 14 1
5 13 0.25
5 12 0
5 11 0
5 10 0
5 9 0
5 8 4
5 7 0
5 6 0
5 5 6.1875
5 4 1
5 3 0
5 2 0
4 14 1.875
4 13 0
4 12 0
4 11 0
4 10 0
4 9 0
4 8 0
4 7 0.5
4 6 2.5
4 5 0
4 4 2.33333333333333
4 3 0.5
4 2 0
3 14 21.6666666666667
3 13 0.5
3 12 0.333333333333333
3 11 0
3 10 0
3 9 0
3 8 8
3 7 0
3 6 0
3 5 0.5
3 4 0
3 3 2.78571428571429
3 2 0
2 14 0
2 13 0
2 12 0
2 11 0
2 10 0
2 9 4.5
2 8 0
2 7 0
2 6 0
2 5 0
2 4 0
2 3 0
2 2 3.5

