
14 14 29.657
14 13 3.33333333333333
14 12 5.125
14 11 2.5
14 10 2.5
14 9 0
14 8 0
14 7 5.75
14 6 0
14 5 0
14 4 0
14 3 0
14 2 0
13 14 27.9375
13 13 43.49375
13 12 2.5
13 11 0
13 10 0.333333333333333
13 9 4.5
13 8 0.5
13 7 0
13 6 0
13 5 0
13 4 0
13 3 0
13 2 0
12 14 16.7
12 13 3.33333333333333
12 12 19.3571428571429
12 11 4
12 10 0
12 9 0
12 8 0
12 7 0
12 6 0.5
12 5 0
12 4 0
12 3 0
12 2 0
11 14 12.405
11 13 0
11 12 0.5
11 11 12.925
11 10 10.125
11 9 4
11 8 0.75
11 7 0.5
11 6 0
11 5 0
11 4 0
11 3 0
11 2 0
10 14 0.5
10 13 0.5
10 12 0
10 11 0.5
10 10 3.04166666666667
10 9 0
10 8 0
10 7 0
10 6 0
10 5 0
10 4 0
10 3 0
10 2 0
9 14 2.25
9 13 0
9 12 3
9 11 0
9 10 2
9 9 3
9 8 1
9 7 0
9 6 0.5
9 5 0
9 4 0
9 3 0
9 2 0
8 14 2.5
8 13 0
8 12 0
8 11 1.5
8 10 0
8 9 1
8 8 20.6
8 7 4.5
8 6 0
8 5 4.5
8 4 0
8 3 0
8 2 0
7 14 0
7 13 0
7 12 0
7 11 1.5
7 10 0.5
7 9 1.75
7 8 0
7 7 5.16666666666667
7 6 3.5
7 5 0
7 4 1
7 3 0
7 2 0
6 14 0
6 13 0
6 12 0
6 11 0
6 10 0
6 9 0.5
6 8 0
6 7 1
6 6 3.125
6 5 3.5
6 4 0.5
6 3 0.5
6 2 0
5 14 0
5 13 0
5 12 0
5 11 0
5 10 0
5 9 0
5 8 0
5 7 0
5 6 0.166666666666667
5 5 30.25
5 4 0
5 3 0
5 2 0
4 14 0
4 13 0
4 12 0
4 11 0
4 10 0
4 9 0
4 8 0
4 7 0
4 6 0
4 5 0
4 4 2.75
4 3 0
4 2 0
3 14 0
3 13 3
3 12 0
3 11 0
3 10 0
3 9 0
3 8 0
3 7 0
3 6 0
3 5 0
3 4 0
3 3 2.2
3 2 0
2 14 0
2 13 0
2 12 0
2 11 0
2 10 0
2 9 0
2 8 0
2 7 0
2 6 0
2 5 0
2 4 0
2 3 0
2 2 2.875
