

14 14 30.4288888888889
14 13 11.25
14 12 9
14 11 3.33333333333333
14 10 2
14 9 3
14 8 2.1875
14 7 2.625
14 6 0
14 5 5
14 4 1
14 3 2
14 2 1.9
13 14 12.0728571428571
13 13 27.6171875
13 12 4.625
13 11 1.58333333333333
13 10 3.5
13 9 2.5
13 8 0.75
13 7 1
13 6 1
13 5 0
13 4 0
13 3 1
13 2 2
12 14 3.62307692307692
12 13 2.375
12 12 10.1363636363636
12 11 1.25
12 10 3.125
12 9 0.5
12 8 0
12 7 0
12 6 2
12 5 0
12 4 0
12 3 2.5
12 2 2
11 14 2.57692307692308
11 13 1.16666666666667
11 12 1.1875
11 11 6.8
11 10 1.8125
11 9 2.1
11 8 1
11 7 0
11 6 0
11 5 0
11 4 0
11 3 2
11 2 2
10 14 1.75
10 13 0.666666666666667
10 12 1.25
10 11 1.375
10 10 5.2
10 9 1.25
10 8 2
10 7 0
10 6 0
10 5 0
10 4 0
10 3 0.5
10 2 0
9 14 4.5
9 13 0.75
9 12 1.16666666666667
9 11 0.25
9 10 0.625
9 9 10.25
9 8 0
9 7 2.16666666666667
9 6 0
9 5 0
9 4 0
9 3 0
9 2 0
8 14 3.5
8 13 0
8 12 0
8 11 1.16666666666667
8 10 0
8 9 2.16666666666667
8 8 4.03571428571429
8 7 2.8
8 6 6.5
8 5 0.25
8 4 0
8 3 0
8 2 0
7 14 2.5
7 13 0.25
7 12 0
7 11 0
7 10 0
7 9 10.5
7 8 0.333333333333333
7 7 3.33333333333333
7 6 4.36666666666667
7 5 0.5
7 4 0
7 3 0
7 2 0
6 14 2.375
6 13 0
6 12 0
6 11 0
6 10 0
6 9 0.25
6 8 0
6 7 2.646
6 6 2
6 5 2.33333333333333
6 4 0.5
6 3 0
6 2 0
5 14 0.25
5 13 0
5 12 0
5 11 0
5 10 0
5 9 1
5 8 1.25
5 7 1
5 6 1
5 5 4.125
5 4 1.5
5 3 1
5 2 0
4 14 4.08333333333333
4 13 0
4 12 0
4 11 0
4 10 0
4 9 0
4 8 0
4 7 0.166666666666667
4 6 0
4 5 1
4 4 10.4166666666667
4 3 0
4 2 0
3 14 2.5
3 13 0
3 12 0
3 11 0
3 10 0
3 9 0
3 8 0
3 7 0
3 6 0.5
3 5 0
3 4 0
3 3 2.54166666666667
3 2 0
2 14 1
2 13 0
2 12 0
2 11 0
2 10 0
2 9 0
2 8 4
2 7 0
2 6 0
2 5 0
2 4 0
2 3 0
2 2 3.3

