

14 14 1.00349236605688
14 13 0.193939393939394
14 12 0.430059523809524
14 11 0.732938336624971
14 10 1.07142857142857
14 9 0
14 8 0.633333333333333
14 7 0
14 6 0
14 5 0
14 4 0
14 3 0
14 2 0.666666666666667
13 14 1.47119805481874
13 13 0.872266447653743
13 12 1.08333333333333
13 11 0.412698412698412
13 10 0.3
13 9 0
13 8 0
13 7 0
13 6 0
13 5 0
13 4 0
13 3 1
13 2 0
12 14 1.01575661375661
12 13 0.468831168831168
12 12 0.882484457197512
12 11 0.363636363636363
12 10 0
12 9 0
12 8 0
12 7 0.9
12 6 0
12 5 0
12 4 0
12 3 0
12 2 0
11 14 0.448888888888889
11 13 1.07020459215581
11 12 0
11 11 0.569682539682539
11 10 0.412393162393163
11 9 0
11 8 0
11 7 0
11 6 0
11 5 0
11 4 0
11 3 0
11 2 0
10 14 0.233333333333333
10 13 0
10 12 0.585964912280702
10 11 0.375
10 10 0.473378740970072
10 9 0.0666666666666667
10 8 0
10 7 0
10 6 1
10 5 0
10 4 0
10 3 0
10 2 0
9 14 0.6
9 13 0
9 12 0
9 11 0
9 10 0
9 9 0.324074074074074
9 8 0.385059901338972
9 7 0
9 6 0
9 5 0
9 4 0.142857142857143
9 3 0
9 2 0
8 14 0
8 13 1
8 12 0.444444444444443
8 11 0
8 10 0
8 9 0
8 8 0.796652864044168
8 7 0
8 6 0
8 5 0
8 4 0
8 3 0
8 2 0
7 14 0.19047619047619
7 13 0
7 12 0
7 11 0.166666666666666
7 10 0
7 9 0
7 8 0
7 7 0.583333333333332
7 6 0
7 5 0
7 4 0
7 3 0
7 2 0
6 14 0.8
6 13 0
6 12 0
6 11 0
6 10 0
6 9 0
6 8 0
6 7 0
6 6 0.339671717171717
6 5 0.096774193548387
6 4 0
6 3 0
6 2 0
5 14 0
5 13 0
5 12 0
5 11 0
5 10 0
5 9 0
5 8 0
5 7 0
5 6 0
5 5 0.481617647058823
5 4 0
5 3 0
5 2 0
4 14 1
4 13 0
4 12 0
4 11 0
4 10 0
4 9 0
4 8 0
4 7 0
4 6 0
4 5 0
4 4 0.282731157731158
4 3 0
4 2 0
3 14 0
3 13 0
3 12 0
3 11 0
3 10 0
3 9 0
3 8 0
3 7 0
3 6 0
3 5 0
3 4 0
3 3 0
3 2 0
2 14 1
2 13 0
2 12 0
2 11 0
2 10 0
2 9 0
2 8 0
2 7 0
2 6 0
2 5 0
2 4 0
2 3 0
2 2 0


13 4 0
13 3 0
13 2 0
12 14 0.772621346056185
12 13 0.559285714285714
12 12 0.877968888096839
12 11 0
12 10 0
12 9 0.545454545454545
12 8 0
12 7 0
12 6 0
12 5 0
12 4 0
12 3 0
12 2 0
11 14 0.724009324009323
11 13 0.747008547008546
11 12 0.571428571428571
11 11 0.771700798838053
11 10 0
11 9 0
11 8 0
11 7 0
11 6 0
11 5 0
11 4 0.375
11 3 0
11 2 0
10 14 0.121212121212121
10 13 0.5
10 12 0
10 11 0.685714285714286
10 10 0.549382716049383
10 9 0
10 8 0
10 7 0
10 6 0
10 5 0
10 4 0
10 3 0
10 2 0
9 14 0
9 13 0
9 12 0
9 11 0
9 10 0
9 9 0.707783275432501
9 8 0
9 7 0
9 6 0
9 5 0
9 4 0
9 3 0
9 2 0
8 14 0.0952380952380953
8 13 0
8 12 0
8 11 0
8 10 0
8 9 0
8 8 0.480952380952381
8 7 0.459259259259259
8 6 0
8 5 0
8 4 0
8 3 0
8 2 0
7 14 0
7 13 0
7 12 0
7 11 0
7 10 0
7 9 0
7 8 0
7 7 0.0303030303030303
7 6 0.142857142857143
7 5 0
7 4 0.1
7 3 0
7 2 0
6 14 0
6 13 1
6 12 0
6 11 0
6 10 0
6 9 0
6 8 0
6 7 0
6 6 0.96969696969697
6 5 0
6 4 0
6 3 0
6 2 0
5 14 0
5 13 0
5 12 0
5 11 0
5 10 0
5 9 0
5 8 0
5 7 0
5 6 0
5 5 0.656666666666667
5 4 0.6
5 3 0.0555555555555555
5 2 0
4 14 0
4 13 0
4 12 0
4 11 0
4 10 0
4 9 0
4 8 0
4 7 0
4 6 0
4 5 0
4 4 0.153846153846154
4 3 0
4 2 0
3 14 0
3 13 0
3 12 0
3 11 0
3 10 0
3 9 0
3 8 0
3 7 0
3 6 0
3 5 0
3 4 0
3 3 0.277777777777778
3 2 0
2 14 0
2 13 0
2 12 0
2 11 0
2 10 0
2 9 0
2 8 0
2 7 0
2 6 0
2 5 0
2 4 0
2 3 0
2 2 0.916666666666666

