
14 14 1.22222222222222
14 13 0.323809523809524
14 12 0.133333333333333
14 11 0.885714285714285
14 10 0.749999999999999
14 9 0.333333333333333
14 8 0.142857142857143
14 7 0.238095238095238
14 6 0
14 5 0.35
14 4 0.529375386518243
14 3 0.317460317460318
14 2 0.222222222222222
13 14 0.36
13 13 0.758906525573192
13 12 0.541666666666667
13 11 3
13 10 0.333333333333333
13 9 0
13 8 0.1
13 7 0.0714285714285715
13 6 0
13 5 0
13 4 0
13 3 0
13 2 0
12 14 0.53797619047619
12 13 0.316666666666667
12 12 3.31043771043771
12 11 0.444444444444445
12 10 0.833333333333335
12 9 0.133333333333333
12 8 0
12 7 0.833333333333335
12 6 0
12 5 0
12 4 0
12 3 0
12 2 0.0714285714285715
11 14 0.352564102564103
11 13 0.327838827838828
11 12 0.277777777777778
11 11 10.1866666666667
11 10 0.797333333333333
11 9 0.142857142857143
11 8 0
11 7 0
11 6 0
11 5 0
11 4 0.75
11 3 0
11 2 0
10 14 0.333333333333333
10 13 0
10 12 0
10 11 0.166666666666667
10 10 0.166666666666667
10 9 0.291666666666667
10 8 0.142857142857143
10 7 0
10 6 0
10 5 0
10 4 0
10 3 0
10 2 0
9 14 0
9 13 0
9 12 0
9 11 0
9 10 0
9 9 0.6
9 8 0.4
9 7 0
9 6 0
9 5 0
9 4 0
9 3 0
9 2 0
8 14 0
8 13 0
8 12 0
8 11 0
8 10 0
8 9 0
8 8 0.641269841269842
8 7 0.333333333333333
8 6 0
8 5 0
8 4 0
8 3 0
8 2 0
7 14 0
7 13 0
7 12 0
7 11 0
7 10 0
7 9 0
7 8 0
7 7 0
7 6 0.406060606060606
7 5 0
7 4 0
7 3 0
7 2 0
6 14 0
6 13 0
6 12 0
6 11 0
6 10 0
6 9 0
6 8 0.0555555555555555
6 7 0
6 6 0.222222222222222
6 5 0.333333333333333
6 4 0
6 3 0.458333333333333
6 2 0
5 14 0
5 13 0.090909090909091
5 12 0
5 11 0
5 10 0
5 9 0
5 8 0
5 7 0
5 6 0
5 5 0.758095238095239
5 4 1
5 3 0
5 2 0
4 14 0
4 13 0
4 12 0
4 11 0
4 10 0
4 9 0
4 8 0
4 7 0
4 6 0
4 5 0
4 4 0.198412698412698
4 3 0.333333333333333
4 2 0
3 14 0
3 13 0
3 12 0
3 11 0
3 10 0
3 9 0
3 8 0
3 7 0
3 6 0
3 5 0
3 4 0
3 3 0.231818181818182
3 2 0
2 14 0
2 13 0
2 12 0
2 11 0
2 10 0
2 9 0
2 8 0
2 7 0
2 6 0
2 5 0
2 4 0
2 3 0
2 2 0.297049441786284

