


14 14 0.499999999999999
14 13 0.333333333333333
14 12 0.298611111111111
14 11 0.576388888888889
14 10 0.316666666666667
14 9 0
14 8 0.9
14 7 0
14 6 0.1
14 5 0
14 4 0
14 3 0.175
14 2 0
13 14 0.301754385964912
13 13 0.418300653594771
13 12 0
13 11 0.2
13 10 0.442255056771186
13 9 0.38888888888889
13 8 0
13 7 0
13 6 0
13 5 0
13 4 0.222222222222222
13 3 0
13 2 0
12 14 0.523095238095238
12 13 0.277777777777778
12 12 0.285714285714285
12 11 0.666666666666667
12 10 0.366666666666667
12 9 0
12 8 0
12 7 0.265934065934066
12 6 0
12 5 0
12 4 0
12 3 0
12 2 0
11 14 0.302898550724638
11 13 0
11 12 0.266666666666667
11 11 0.625641025641026
11 10 0.385661957090529
11 9 0
11 8 0
11 7 0
11 6 0
11 5 0
11 4 0.25
11 3 0
11 2 0
10 14 0.421768707482993
10 13 0.25
10 12 0.322222222222222
10 11 0.248529411764706
10 10 0.479166666666667
10 9 0.35
10 8 0.333333333333333
10 7 0
10 6 0
10 5 0
10 4 0.166666666666666
10 3 0
10 2 0.1
9 14 0.313390313390314
9 13 0.253921568627451
9 12 0.361111111111111
9 11 0.267857142857143
9 10 0.291666666666667
9 9 0.277777777777778
9 8 0
9 7 0
9 6 0
9 5 0
9 4 0
9 3 0.166666666666666
9 2 0
8 14 0.258333333333333
8 13 0.216666666666667
8 12 0.1
8 11 0.388888888888889
8 10 0.194444444444444
8 9 0.507407407407408
8 8 0.313690476190476
8 7 0
8 6 0.166666666666666
8 5 0.333333333333333
8 4 0
8 3 0
8 2 0
7 14 0
7 13 0.266666666666667
7 12 0
7 11 0
7 10 0.216666666666667
7 9 0
7 8 0
7 7 0.133333333333333
7 6 0
7 5 2.55833333333333
7 4 0.0689655172413795
7 3 0
7 2 0
6 14 0.241975308641975
6 13 0
6 12 0
6 11 0
6 10 0
6 9 0.0714285714285715
6 8 0
6 7 0.142857142857143
6 6 0.242130987292278
6 5 0.333333333333333
6 4 0
6 3 0
6 2 0
5 14 0
5 13 0
5 12 0
5 11 0
5 10 0
5 9 0
5 8 0.166666666666666
5 7 0.1
5 6 0
5 5 0.388888888888889
5 4 0
5 3 0
5 2 0
4 14 0.133333333333333
4 13 0.333333333333333
4 12 0
4 11 0.166666666666666
4 10 0
4 9 0
4 8 0
4 7 0
4 6 0.333333333333333
4 5 0.166666666666666
4 4 0
4 3 0
4 2 0
3 14 0.333333333333333
3 13 0.1
3 12 0
3 11 0.166666666666666
3 10 0.1
3 9 0
3 8 0
3 7 0
3 6 0.166666666666666
3 5 0
3 4 0
3 3 0.316666666666667
3 2 0
2 14 0.225
2 13 0
2 12 0.188888888888889
2 11 0.166666666666666
2 10 0
2 9 0
2 8 0
2 7 0
2 6 0
2 5 0
2 4 0
2 3 0
2 2 0.388888888888889

