

14 14 0.5359477124183
14 13 1.33015873015873
14 12 0
14 11 0.622222222222222
14 10 0.333333333333333
14 9 0
14 8 0.266666666666667
14 7 0.441904761904762
14 6 0.666666666666665
14 5 0.738095238095239
14 4 0
14 3 0.210144927536232
14 2 0
13 14 0.177777777777778
13 13 1.44835164835165
13 12 0.333333333333333
13 11 0.2
13 10 0.166666666666667
13 9 0.333333333333333
13 8 0
13 7 0
13 6 0
13 5 0
13 4 0
13 3 0.0666666666666667
13 2 0.1
12 14 0.481481481481481
12 13 0.698412698412699
12 12 0.422619047619047
12 11 0.455555555555556
12 10 0.395238095238095
12 9 0
12 8 0
12 7 0
12 6 0
12 5 0
12 4 0
12 3 0
12 2 0
11 14 0.755460837887068
11 13 0.266666666666667
11 12 0.377380952380952
11 11 1.04376068376068
11 10 0.246031746031746
11 9 0.266666666666667
11 8 0.0714285714285715
11 7 0.0666666666666667
11 6 0
11 5 0
11 4 0
11 3 0
11 2 0
10 14 0.4875
10 13 0.0666666666666667
10 12 0.214285714285714
10 11 1.33333333333334
10 10 0.45974025974026
10 9 0.755555555555556
10 8 0
10 7 0
10 6 0
10 5 0
10 4 0
10 3 0
10 2 0
9 14 0
9 13 0.333333333333333
9 12 0
9 11 0
9 10 0.333333333333333
9 9 1.25185185185185
9 8 0.266666666666667
9 7 0
9 6 0
9 5 0
9 4 0
9 3 0
9 2 0
8 14 0
8 13 0
8 12 0
8 11 0
8 10 0
8 9 0
8 8 0.376515151515152
8 7 0
8 6 0.666666666666667
8 5 0
8 4 0
8 3 0
8 2 0
7 14 0.0714285714285715
7 13 0
7 12 0
7 11 0
7 10 0.166666666666666
7 9 0.037037037037037
7 8 0
7 7 0.428571428571429
7 6 0.137037037037037
7 5 0
7 4 0
7 3 0.0714285714285715
7 2 0
6 14 0.142857142857143
6 13 0
6 12 0
6 11 0
6 10 0
6 9 0.142857142857143
6 8 0
6 7 0
6 6 0.601657601657602
6 5 0.542857142857143
6 4 0
6 3 0.666666666666666
6 2 0
5 14 0
5 13 0
5 12 0
5 11 0
5 10 0
5 9 0
5 8 0
5 7 0
5 6 0
5 5 0.222222222222222
5 4 0.329824561403509
5 3 0
5 2 0
4 14 0
4 13 0
4 12 0
4 11 0
4 10 0
4 9 0
4 8 0
4 7 0
4 6 0.0357142857142857
4 5 0
4 4 0.54074074074074
4 3 0.142857142857143
4 2 0
3 14 0
3 13 0
3 12 0
3 11 0
3 10 0
3 9 0
3 8 0
3 7 0
3 6 0
3 5 0
3 4 0
3 3 0.273809523809524
3 2 0
2 14 0
2 13 0.666666666666665
2 12 0
2 11 0
2 10 0
2 9 0
2 8 0
2 7 0
2 6 0
2 5 0
2 4 0
2 3 0
2 2 0.230406630406631

