

14 14 0.518518518518518
14 13 0
14 12 0
14 11 0.357142857142857
14 10 0
14 9 0
14 8 0
14 7 0.166666666666666
14 6 0.181818181818182
14 5 0
14 4 0
14 3 0
14 2 0
13 14 0.59090909090909
13 13 0
13 12 0
13 11 0
13 10 0
13 9 0
13 8 0
13 7 0.222222222222222
13 6 0
13 5 0
13 4 0.222222222222222
13 3 0
13 2 0.222222222222222
12 14 0.406313131313132
12 13 0.454545454545454
12 12 0.727272727272725
12 11 0
12 10 0
12 9 0
12 8 0.166666666666666
12 7 0
12 6 0.222222222222222
12 5 0
12 4 0.375
12 3 0.222222222222222
12 2 0
11 14 0.166666666666666
11 13 0.520202020202021
11 12 0.396966617393447
11 11 0
11 10 0.25
11 9 0
11 8 0
11 7 0.222222222222222
11 6 0.155555555555555
11 5 0
11 4 0
11 3 0
11 2 0.222222222222222
10 14 0.375149521531101
10 13 0.166666666666666
10 12 0.198809523809524
10 11 0
10 10 0.416666666666666
10 9 0.257492690058479
10 8 0
10 7 0.284013605442177
10 6 0
10 5 0
10 4 0.194444444444444
10 3 0.181818181818182
10 2 0
9 14 1.17361111111111
9 13 0.194444444444444
9 12 0.358027389277389
9 11 0.212962962962963
9 10 0.161111111111111
9 9 0.301587301587301
9 8 0
9 7 0.272727272727272
9 6 0
9 5 0
9 4 0
9 3 0
9 2 0
8 14 0.275757575757576
8 13 0
8 12 0.375
8 11 0.194444444444444
8 10 0
8 9 0.222222222222222
8 8 0
8 7 0.222222222222222
8 6 0
8 5 0
8 4 0.166666666666666
8 3 0
8 2 0
7 14 0.504479316979316
7 13 0.177777777777778
7 12 0.222222222222222
7 11 0.148148148148148
7 10 0.222222222222222
7 9 0
7 8 0.222222222222222
7 7 0.281144781144781
7 6 0.222222222222222
7 5 0
7 4 0
7 3 0
7 2 0
6 14 0.333333333333333
6 13 0.222222222222222
6 12 0
6 11 0
6 10 0
6 9 0.222222222222222
6 8 0.222222222222222
6 7 0.222222222222222
6 6 0.375
6 5 0.323099415204678
6 4 0.222222222222222
6 3 0
6 2 0
5 14 0.222222222222222
5 13 0.222222222222222
5 12 0
5 11 0.222222222222222
5 10 0
5 9 0
5 8 0.277777777777778
5 7 0
5 6 0.155555555555555
5 5 0
5 4 0
5 3 0
5 2 0.298611111111111
4 14 0
4 13 0.234126984126984
4 12 0.222222222222222
4 11 0.222222222222222
4 10 0
4 9 0
4 8 0
4 7 0.270833333333333
4 6 0.247474747474747
4 5 0
4 4 0
4 3 0.277777777777778
4 2 0.277777777777778
3 14 0.22053872053872
3 13 0.270833333333333
3 12 0
3 11 0
3 10 0
3 9 0
3 8 0
3 7 0
3 6 0.222222222222222
3 5 0.222222222222222
3 4 0
3 3 0.375
3 2 0.194444444444444
2 14 0.222222222222222
2 13 0.222222222222222
2 12 0
2 11 0
2 10 0
2 9 0
2 8 0
2 7 0
2 6 0
2 5 0
2 4 0
2 3 0.166666666666666
2 2 0.454545454545454

