

14 14 0.695230015082956
14 13 0.952380952380953
14 12 0.919298245614036
14 11 0.843055555555555
14 10 1.01284958427816
14 9 1.16666666666667
14 8 0
14 7 0.521617645606864
14 6 0.515151515151515
14 5 0.255347593582888
14 4 0.666666666666665
14 3 1
14 2 0.5
13 14 1.01332483395249
13 13 0.86432287456032
13 12 0.598039215686274
13 11 0.267857142857143
13 10 0
13 9 1
13 8 0
13 7 0.214285714285714
13 6 0
13 5 0
13 4 0
13 3 0
13 2 0
12 14 1.01404151404151
12 13 0.737202380952381
12 12 0.822073412698413
12 11 0.402887667887668
12 10 0.398099703982057
12 9 0
12 8 0
12 7 0
12 6 0
12 5 0
12 4 0
12 3 0.81967213114754
12 2 0
11 14 1.01262626262626
11 13 0.886111111111111
11 12 0.142857142857143
11 11 0.62
11 10 1.16666666666667
11 9 0.275
11 8 0.0714285714285715
11 7 0
11 6 0
11 5 0
11 4 0
11 3 0
11 2 0
10 14 0.205105547373588
10 13 0.05
10 12 0.45625
10 11 0.739018087855298
10 10 1.10952380952381
10 9 0.616071428571428
10 8 0
10 7 0.875
10 6 0
10 5 0
10 4 0
10 3 0
10 2 0
9 14 0
9 13 0
9 12 0
9 11 0
9 10 0
9 9 0.827380952380953
9 8 0
9 7 0
9 6 0
9 5 0
9 4 0
9 3 0
9 2 0
8 14 0.367117117117116
8 13 0
8 12 0.416666666666667
8 11 0
8 10 0
8 9 0.253246753246753
8 8 0.161538461538462
8 7 0
8 6 0.219298245614035
8 5 0
8 4 0
8 3 0
8 2 0
7 14 0
7 13 0
7 12 0
7 11 0.113636363636363
7 10 0
7 9 0
7 8 0
7 7 0.899880529388679
7 6 0
7 5 1.33333333333334
7 4 0
7 3 0
7 2 0
6 14 0
6 13 0
6 12 0.634920634920634
6 11 0
6 10 0
6 9 0
6 8 0
6 7 0.419753086419753
6 6 1.08781362007169
6 5 0
6 4 0.266666666666667
6 3 0
6 2 0
5 14 0.111111111111111
5 13 0
5 12 0
5 11 0
5 10 0
5 9 0
5 8 0
5 7 0
5 6 0
5 5 0.320061728395062
5 4 0.716666666666668
5 3 0.25
5 2 0
4 14 0
4 13 0
4 12 0
4 11 0
4 10 0
4 9 0
4 8 0
4 7 0.77777777777778
4 6 0
4 5 0
4 4 0.5625
4 3 0.214285714285714
4 2 1
3 14 0
3 13 0.8
3 12 0
3 11 0
3 10 0
3 9 0.916666666666665
3 8 0
3 7 0
3 6 0
3 5 0.833333333333333
3 4 0
3 3 0.818803418803419
3 2 0
2 14 0
2 13 0
2 12 0
2 11 0
2 10 0
2 9 0
2 8 0
2 7 0.75
2 6 0
2 5 0
2 4 0
2 3 0
2 2 0.311335403726708

