
14 14 0.939184981684981
14 13 1.45175796425796
14 12 0.569807901413555
14 11 0.61111111111111
14 10 1.16666666666666
14 9 0
14 8 0.174707645295881
14 7 0.9
14 6 1.16666666666666
14 5 0
14 4 0
14 3 0.583333333333332
14 2 0.0555555555555555
13 14 0.911542719559024
13 13 1.01687900235929
13 12 0.525062656641605
13 11 0.694444444444444
13 10 0.205882352941176
13 9 0
13 8 0.142857142857143
13 7 0
13 6 0
13 5 0
13 4 0
13 3 0
13 2 0
12 14 0.664169164169164
12 13 0.682923623995053
12 12 1.31586917899443
12 11 0.142857142857143
12 10 0
12 9 0
12 8 0
12 7 0
12 6 0
12 5 0
12 4 0.142857142857143
12 3 0
12 2 0
11 14 0.618553750171397
11 13 0.58
11 12 0.626623942464427
11 11 1.01920995670996
11 10 0.369047619047618
11 9 0
11 8 0
11 7 0
11 6 0
11 5 0
11 4 0
11 3 0
11 2 0
10 14 0.657407407407407
10 13 0.999999999999999
10 12 0.111111111111111
10 11 0.3
10 10 0.44991974317817
10 9 1.16666666666666
10 8 0.3125
10 7 0
10 6 0
10 5 0
10 4 0
10 3 0
10 2 0
9 14 0
9 13 0
9 12 0
9 11 0
9 10 0
9 9 0.755421686746988
9 8 0
9 7 0.1
9 6 0
9 5 0.1
9 4 0
9 3 0
9 2 0
8 14 0
8 13 0
8 12 0
8 11 0
8 10 0
8 9 0.142857142857143
8 8 0
8 7 0.634878193701722
8 6 0.140350877192982
8 5 0
8 4 0
8 3 0
8 2 0
7 14 0
7 13 0
7 12 0
7 11 0
7 10 0
7 9 0
7 8 0
7 7 0.588060200668896
7 6 0
7 5 0
7 4 0
7 3 0
7 2 0
6 14 0
6 13 0
6 12 0
6 11 0.0952380952380953
6 10 0.375
6 9 0
6 8 0
6 7 0
6 6 0.596767676767678
6 5 0.9
6 4 0
6 3 0
6 2 0
5 14 0
5 13 0
5 12 0
5 11 0.6
5 10 0
5 9 0
5 8 0
5 7 0
5 6 0
5 5 0.432727272727273
5 4 0
5 3 0
5 2 0
4 14 0.90909090909091
4 13 0
4 12 0
4 11 0
4 10 0
4 9 0
4 8 0.176666666666667
4 7 0
4 6 0
4 5 0.0952380952380953
4 4 0.921031746031745
4 3 0
4 2 0
3 14 0
3 13 0
3 12 0
3 11 0
3 10 0
3 9 0
3 8 0
3 7 0
3 6 0
3 5 0
3 4 0
3 3 0.859333333333333
3 2 0
2 14 0
2 13 0
2 12 0
2 11 0
2 10 0
2 9 0
2 8 0
2 7 0
2 6 0
2 5 0
2 4 0
2 3 0
2 2 0.511965811965811

