


14 14 0.921130952380952
14 13 1.16666666666666
14 12 0.758207510646535
14 11 1.2
14 10 0
14 9 0.8
14 8 0.142857142857143
14 7 0
14 6 0.214285714285714
14 5 0
14 4 0
14 3 0.275
14 2 1.33333333333334
13 14 1.13185915391798
13 13 0.613440476190477
13 12 1.05729166666667
13 11 0.433597883597884
13 10 0.222222222222222
13 9 0
13 8 0.0714285714285715
13 7 0
13 6 0
13 5 0
13 4 0
13 3 0
13 2 1
12 14 0.679883744607077
12 13 0.702523330785459
12 12 0.68513468013468
12 11 0.333333333333333
12 10 0
12 9 0
12 8 0
12 7 0.1
12 6 0
12 5 0
12 4 0
12 3 0
12 2 0
11 14 0.603703703703704
11 13 0.2
11 12 0.0833333333333333
11 11 1.12962962962963
11 10 0.173445378151261
11 9 0.1
11 8 0
11 7 0
11 6 0
11 5 0
11 4 1
11 3 0
11 2 1
10 14 0.4
10 13 0.0666666666666667
10 12 0.875
10 11 0
10 10 0.80322102140284
10 9 0.204342273307791
10 8 0.166666666666666
10 7 0
10 6 0
10 5 0
10 4 0
10 3 0
10 2 0.821428571428571
9 14 0
9 13 0
9 12 0
9 11 0
9 10 0.0714285714285715
9 9 0.904131754131755
9 8 0.438179364495154
9 7 0.176470588235294
9 6 0.490259740259741
9 5 0
9 4 0
9 3 0
9 2 0
8 14 0.561904761904763
8 13 0
8 12 0
8 11 1
8 10 0.0555555555555555
8 9 0.82644376899696
8 8 1.0847442680776
8 7 0.238095238095238
8 6 0.875
8 5 0.0714285714285715
8 4 0.166666666666666
8 3 0
8 2 0
7 14 0
7 13 0
7 12 0
7 11 0
7 10 0
7 9 0
7 8 0
7 7 0.930555555555556
7 6 0
7 5 0.515182001097494
7 4 1
7 3 0
7 2 0
6 14 0
6 13 0
6 12 0
6 11 0
6 10 0
6 9 0
6 8 0
6 7 0.7
6 6 1.025
6 5 0.264705882352941
6 4 0.222222222222222
6 3 0
6 2 0
5 14 0
5 13 0
5 12 0
5 11 0
5 10 0
5 9 0
5 8 0
5 7 0
5 6 0
5 5 0.434922542735043
5 4 0.2
5 3 0.166666666666666
5 2 0.1
4 14 0
4 13 0
4 12 0
4 11 0
4 10 0
4 9 0
4 8 0.318840579710145
4 7 0
4 6 0
4 5 0
4 4 0.254598734598735
4 3 0.205882352941176
4 2 0.147058823529412
3 14 0.111111111111111
3 13 0
3 12 0
3 11 0
3 10 0
3 9 0
3 8 0
3 7 0
3 6 0
3 5 0
3 4 0
3 3 0.581313131313131
3 2 0
2 14 0
2 13 0
2 12 0
2 11 0
2 10 1.1
2 9 0.5
2 8 0
2 7 0.606884057971015
2 6 0
2 5 0
2 4 0
2 3 0
2 2 0.571428571428571

