
14 14 0
14 13 0.277777777777778
14 12 0.166666666666666
14 11 0.222222222222222
14 10 0.454545454545454
14 9 0.222222222222222
14 8 0.166666666666666
14 7 0
14 6 0.363636363636363
14 5 0.222222222222222
14 4 0.454545454545454
14 3 0.272727272727272
14 2 0
13 14 0.301587301587301
13 13 0
13 12 0
13 11 0.454545454545454
13 10 0
13 9 0.334126984126984
13 8 0.273148148148148
13 7 0
13 6 0.166666666666666
13 5 0.301587301587301
13 4 0
13 3 0
13 2 0.222222222222222
12 14 0.303030303030303
12 13 0
12 12 0.56060606060606
12 11 0.564814814814815
12 10 0
12 9 0.625
12 8 0
12 7 0
12 6 0.222222222222222
12 5 0
12 4 0
12 3 0.375
12 2 0.194444444444444
11 14 0.454545454545454
11 13 0.333333333333333
11 12 0
11 11 0.222222222222222
11 10 0.277777777777778
11 9 0.474747474747473
11 8 0
11 7 0
11 6 0.333333333333333
11 5 0
11 4 0.244444444444444
11 3 0.222222222222222
11 2 0
10 14 0.39057239057239
10 13 0.5
10 12 0.25
10 11 0.238782051282051
10 10 0.166666666666666
10 9 0.222222222222222
10 8 0
10 7 0.148148148148148
10 6 0
10 5 0
10 4 0
10 3 0
10 2 0.222222222222222
9 14 0
9 13 0
9 12 0.194444444444444
9 11 0
9 10 0.222222222222222
9 9 0.222222222222222
9 8 0
9 7 0.255555555555555
9 6 0.423611111111111
9 5 0.166666666666666
9 4 0
9 3 0
9 2 0
8 14 0.194444444444444
8 13 0.222222222222222
8 12 0.222222222222222
8 11 0.194815805109923
8 10 0.222222222222222
8 9 0.222222222222222
8 8 0.401455026455026
8 7 0
8 6 0.222222222222222
8 5 0.222222222222222
8 4 0
8 3 0
8 2 0
7 14 0.338383838383838
7 13 0.222222222222222
7 12 0.166666666666666
7 11 0.166666666666666
7 10 0.194444444444444
7 9 0.240740740740741
7 8 0.222222222222222
7 7 0.222222222222222
7 6 0.390350877192982
7 5 0.390350877192982
7 4 0
7 3 0
7 2 0
6 14 0
6 13 0.222222222222222
6 12 0.166666666666666
6 11 0.196296296296296
6 10 0
6 9 0.375
6 8 0.182539682539683
6 7 0
6 6 0.166666666666666
6 5 0
6 4 0.194444444444444
6 3 0
6 2 0
5 14 0
5 13 0
5 12 0
5 11 0.194444444444444
5 10 0
5 9 0
5 8 0.222222222222222
5 7 0.194444444444444
5 6 0.408730158730159
5 5 0
5 4 0
5 3 0.270833333333333
5 2 0.194444444444444
4 14 0.375
4 13 0.222222222222222
4 12 0
4 11 0
4 10 0
4 9 0
4 8 0
4 7 0
4 6 0
4 5 0.222222222222222
4 4 0.564814814814815
4 3 0
4 2 0.222222222222222
3 14 0.222222222222222
3 13 0
3 12 0
3 11 0.25
3 10 0
3 9 0
3 8 0
3 7 0
3 6 0
3 5 0.28575225943647
3 4 0
3 3 0.277777777777778
3 2 0.166666666666666
2 14 0.182539682539683
2 13 0.124007936507936
2 12 0
2 11 0
2 10 0.375
2 9 0.142857142857143
2 8 0
2 7 0
2 6 0
2 5 0
2 4 0
2 3 0.254629629629629
2 2 0.222222222222222

